402   22.0  4.9 12.7  G8CU3OW01A000D      1   203  (420) C Contig18734          NH            (477)    429      241      1  
319   19.9 13.2 12.0  G8CU3OW01A000D    232   420  (203) + Contig95367          LR              254    444    (380)      2  
300   19.9 13.2 12.0  G8CU3OW01A000D    232   420  (203) + Contig95367          LR              254    444    (380)      2  
3109    6.1  1.2  5.8  G8CU3OW01A000Q      1   486    (0) + Contig86059          NH               94    558    (265)      3  
2982   11.8  5.0  0.4  G8CU3OW01A001J      1   477   (25) + Contig99880          HR             3000   3498    (792)      4  
1280   16.3  0.5  0.5  G8CU3OW01A001J    280   501    (1) + Contig26806          LR                1    222    (508)      5 *
3454    7.0  0.7  0.2  G8CU3OW01A003D      1   461    (0) C Contig69874          MR            (217)   2639     2177      6  
4380    6.0  1.2  0.0  G8CU3OW01A0045      1   565    (0) C Contig76420          MR            (265)   2355     1784      7  
3893    6.8  0.4  0.0  G8CU3OW01A0060      1   485    (0) C Contig51069          HR           (6056)   1064      578      8  
2410   15.9  0.4  7.4  G8CU3OW01A006L      1   523    (2) C Contig43688          MR            (894)    502       14      9  
873   14.1  5.4  0.5  G8CU3OW01A006P      1   185  (383) + Contig32952          LR              224    417    (399)     10  
485   13.2  0.0  7.1  G8CU3OW01A0075      1    90  (371) C Contig85888          NH             (18)   1305     1222     11  
461   16.6  6.8  9.8  G8CU3OW01A0075     91   147  (314) + Contig55393          U              450    592   (1266)     12 *
1165   12.4  0.5  1.1  G8CU3OW01A0075    137   324  (137) C Contig43241          NH            (188)    624      438     13  
